efficiency,dark count rate,jitter,entropy production,entropy rate,machine_efficiency,L first gap,d_l,e_max,e_s,TH,TC,g_sl,g_ml,e_C,e_C_factor,t_f,t_steps,rateM,rateD,rateB,Tb,Td,k,Tb_indep_flag,Td_indep_flag,Td_eq_Tb_flag,Max_TV_flag,first_gap_flag,epsilon,e_l,TV
0.2055233123036016,-0.0107599507724848,32.98616406832571,0.5820051774272949,0.0414524467977656,0.3754621903543432,0.0302688386384303,3,1,0.1,0.5764817370828029,0.3489157853534264,1.3882610398207793,0.5873138643136657,1.4970456230243132,1.6633840255825705,3000,3000,0.8117330976151169,0.8615456159618617,0.5,0.3489157853534264,0.3489157853534264,1,False,False,False,False,True,1e-06,0.9,-6.792228284584429
0.2390629048675465,-0.0151143050649175,12.834348336383623,0.1660669751769595,0.029306223252844,0.3659523044418697,0.0423456779407834,3,1,0.1,3.64987575018752,1.8680290215048847,0.341563187529771,0.9282259254793584,1.5593368837303272,1.7325965374781414,3000,3000,1.728726123253713,1.5881086038761465,0.5,1.8680290215048847,1.8680290215048847,1,False,False,False,False,True,1e-06,0.9,-5.59228678052501
0.2156029017569951,-0.002398399262036,5.665052523477147,0.2190256043805249,0.0142921786934941,0.7598188032422863,0.1265623348428446,3,1,0.1,23.75454946022959,1.4102683341799749,0.5183416319590999,1.5751399340775538,0.2844929293135875,0.316103254792875,3000,3000,1.689728790810633,0.5374622804882151,0.5,1.4102683341799749,1.4102683341799749,1,False,False,False,False,True,1e-06,0.9,-5.926284548430052
0.2153620939968702,0.0032694315277954,21.566548347216973,1.6258944348969653,0.1024293532096256,0.5735163236417485,0.0463258140968793,3,1,0.1,0.7016871998655397,0.2864769548417202,1.325236474438873,1.4903509945066242,0.669266580391515,0.74362953376835,3000,3000,1.5067099561935815,0.2612034351527054,0.5,0.2864769548417202,0.2864769548417202,1,False,False,False,False,True,1e-06,0.9,-9.020030720069892
0.1675690896105285,-0.0107740439163389,4.012840390505462,0.2660778329388895,0.0471698159026177,0.4139675847166305,0.2468943968291876,3,1,0.1,2.4283881824495333,1.2582039762359898,1.5780687302033978,1.053167078166167,1.2740832693846522,1.415648077094058,3000,3000,1.634670141650432,0.360840321663613,0.5,1.2582039762359898,1.2582039762359898,1,False,False,False,False,True,1e-06,0.9,-7.669868891129762
0.1828151371236053,-0.0278207404909164,4.17167901881287,0.2287055441670225,0.0285611881277079,0.3850417831505609,0.2324070758666912,3,1,0.1,2.0116037989106648,1.1052618980039397,1.9220172855176527,0.2746490718817028,1.4374086641606825,1.5971207379563137,3000,3000,1.3624580545222904,0.7601165379111238,0.5,1.1052618980039397,1.1052618980039397,1,False,False,False,False,True,1e-06,0.9,-6.49578694219259
0.2982234149426044,-0.0067182157160229,24.45323133181339,0.6511205487492021,0.0179001849159469,0.9582765805900731,0.0270783741108771,3,1,0.1,-1.6310382106417334,0.4111709723327765,0.506800436480229,0.3489693665082494,0.0391860536191039,0.0435400595767821,3000,3000,0.2244898512183897,1.5406007662414578,0.5,0.4111709723327765,0.4111709723327765,1,False,False,False,False,True,1e-06,0.9,-1.341032747079712
0.2401528786583043,-0.0121100458008512,5.799960876084617,0.3579432087573582,0.0712628342423618,0.4550225538445672,0.1461219533729221,3,1,0.1,1.9231040124732208,0.8862164773156176,0.6966501504064884,1.0176629716729568,1.0779239345297027,1.1976932605885584,3000,3000,1.178447459679555,0.9101028529756928,0.5,0.8862164773156176,0.8862164773156176,1,False,False,False,False,True,1e-06,0.9,-4.791942041815634
0.2579289956408032,0.0034844974350628,4.2302150837967964,0.500058659879489,0.065894318218397,0.613697868948774,0.2336026130170902,3,1,0.1,2.5128077826138893,0.7112806323956605,1.7324223191587125,1.9456624720629168,0.5665196761097504,0.6294663067886115,3000,3000,1.1254534049731513,0.5952753274015959,0.5,0.7112806323956605,0.7112806323956605,1,False,False,False,False,True,1e-06,0.9,-4.228121377811105
0.2459593510870636,-0.0197828336952978,5.502035394744125,0.2680236080624469,0.0550419452467544,0.419156646252102,0.1348436981506539,3,1,0.1,2.165599632145852,1.0600358458502488,0.7185488801130094,0.8005995483237196,1.2471686254944756,1.385742917216084,3000,3000,1.0004822922479837,1.819482740480476,0.5,1.0600358458502488,1.0600358458502488,1,False,False,False,False,True,1e-06,0.9,-4.863676598835184
0.203532327617938,-0.0220871372070888,6.583562950279949,0.1564642174170956,0.0171764473668313,0.5098593376322068,0.0995233826879892,3,1,0.1,5.640205890153448,1.694646312605036,0.4762516074475766,0.4040069985093282,0.86519273762762,0.9613252640306889,3000,3000,1.4038404927789163,1.0049586663469148,0.5,1.694646312605036,1.694646312605036,1,False,False,False,False,True,1e-06,0.9,-4.55514653176044
0.2538760688110553,-0.0071379099435112,28.479774636990182,0.2294886751592329,0.0243517973327469,0.6928667407051486,0.0184939916878841,3,1,0.1,11.18223350954656,1.2042975740167086,0.2410421305116095,1.74503561826404,0.3989510783618309,0.4432789759575899,3000,3000,0.7445545325990592,1.1314359661024174,0.5,1.2042975740167086,1.2042975740167086,1,False,False,False,False,True,1e-06,0.9,-4.183890373987689
0.2118671209684297,-0.0089577427181189,14.772564856341909,0.3528316265395069,0.0844456834162342,0.3849514234540231,0.0397190097976002,3,1,0.1,1.8000804088699378,0.99971458423434,0.3242740468158718,1.7009065696098469,1.4379573243934036,1.5977303604371151,3000,3000,1.2779677763582131,0.5706017937216409,0.5,0.99971458423434,0.99971458423434,1,False,False,False,False,True,1e-06,0.9,-6.448807009968899
0.2519142026696803,-0.0110125781645934,3.84803932973012,0.3993358920425179,0.1028901349869146,0.3630759509008873,0.2535174210971491,3,1,0.1,1.4845185347584022,0.8925520922000438,1.3380462434695517,1.8750251847382395,1.5788201966196391,1.75424466291071,3000,3000,1.708286815372955,1.029155536723758,0.5,0.8925520922000438,0.8925520922000438,1,False,False,False,False,True,1e-06,0.9,-9.081515067275012
0.1924268916179377,-0.0240820549988362,11.29481744836084,0.4020100678628495,0.0419684028200112,0.5917816219170673,0.0877548502364498,3,1,0.1,1.520588328142529,0.5609412849740325,1.1518910420205986,0.1618280958979205,0.620831277396659,0.6898125304407322,3000,3000,1.7583598440068493,0.9106413087492884,0.5,0.5609412849740325,0.5609412849740325,1,False,False,False,False,True,1e-06,0.9,-8.442208042623333
0.1766345404869911,-0.0003041072981391,1671.4227451579982,2.0188760400555066,0.0036299122574876,0.402137763130876,0.0005982924422583,3,1,0.1,0.2798306756050554,0.1612358039189471,1.7253091792677129,1.489973641193948,1.3380390068144237,1.4867100075715818,3000,3000,1.9640465911917333,0.2769266861211172,0.5,0.1612358039189471,0.1612358039189471,1,False,False,False,False,True,1e-06,0.9,-2.9918826940130936
0.7225871182897671,0.0032289277843397,18.999725898472505,3.0153714579920528,-0.0295726892249269,0.9882341011191076,0.0525911399905201,3,1,0.1,-2.7021152149429133,0.0772878139235608,1.4599893779567987,0.6433712998486099,0.010715385130721,0.0119059834785788,3000,3000,0.3192727961691721,1.832971191032976,0.5,0.0772878139235608,0.0772878139235608,1,False,False,False,False,True,1e-06,0.9,-1.8920259629354927
0.1782451880061467,-0.0255840658110037,5.023927073803773,0.2716543094724457,0.0247225237758126,0.886740840755773,0.1946376380815108,3,1,0.1,-38.29651336563024,0.971979203052083,1.794903645211816,0.3226614192260723,0.1149526881303068,0.1277252090336742,3000,3000,1.9415359148497728,0.6344069586348343,0.5,0.971979203052083,0.971979203052083,1,False,False,False,False,True,1e-06,0.9,-6.216796448031481
0.2460460580149775,-0.0078700297322448,47.20367304540686,0.7135119220577042,0.0436454809873324,0.3409270163316872,0.0211703314302987,3,1,0.1,0.5110778817151159,0.3036759881249224,1.026409897101763,1.686436715922269,1.7398611928260663,1.9331791031400736,3000,3000,1.323215353405737,1.2559976540624804,0.5,0.3036759881249224,0.3036759881249224,1,False,False,False,False,True,1e-06,0.9,-1.5955962454189283
0.2853250429636139,-0.0013146461989602,2.338696640569604,0.2535628139776126,0.0495669320065769,0.50322521013734,0.3972041662090062,3,1,0.1,5.71202739478293,1.276737320744454,1.594827923281139,1.8346586780687013,0.8884636577614471,0.9871818419571634,3000,3000,1.0000430618632874,1.614295279388173,0.5,1.276737320744454,1.276737320744454,1,False,False,False,False,True,1e-06,0.9,-2.351213001466448
0.2518428718565292,-0.0141604624913837,2.254515501656318,0.2151053745155184,0.046841030406871,0.3688723253748502,0.4143174482201308,3,1,0.1,2.800055239561853,1.484075090520412,1.8462494228353352,1.2106407289374352,1.5398685889092243,1.7109650987880272,3000,3000,1.368569416637755,1.8301515466465696,0.5,1.484075090520412,1.484075090520412,1,False,False,False,False,True,1e-06,0.9,-5.414173880438325
0.1679303393123148,-0.0112548666615012,31.66415590921172,0.6761336371678526,0.0531473911616203,0.4597029160378681,0.0256223036976185,3,1,0.1,0.8945829952222532,0.462794454742836,0.4689724164313756,0.4304867696152649,1.057786145358848,1.1753179392876087,3000,3000,0.435678207327233,0.3367526980683936,0.5,0.462794454742836,0.462794454742836,1,False,False,False,False,True,1e-06,0.9,-9.263093217809606
0.1857502876411119,-0.0149179870364127,4.181140707159612,0.2822247744457752,0.0337193351090594,0.5047319048870333,0.2330573275733344,3,1,0.1,2.7808205587336485,1.1809708427812389,1.73230655334757,1.4275629087671222,0.8831248456572872,0.9812498285080968,3000,3000,0.3824993647541647,0.424277230278189,0.5,1.1809708427812389,1.1809708427812389,1,False,False,False,False,True,1e-06,0.9,-8.444908546367458
0.1985024105140968,-0.0182989474302828,3.2057447515044144,0.1942313861251069,0.0265828869175473,0.4163928469312242,0.2989530096426988,3,1,0.1,3.0580365075182896,1.5454774879695077,1.137695346828829,0.6715932652074184,1.26142041495889,1.401578238843211,3000,3000,0.5145226444057452,0.7005073815688247,0.5,1.5454774879695077,1.5454774879695077,1,False,False,False,False,True,1e-06,0.9,-8.226614047099066
0.2622661617390686,-0.0061521260847526,47.90227345271473,0.4499030842793222,0.0892876609792321,0.4837870533123223,0.0109343696578008,3,1,0.1,1.5279568532702852,0.7343094668482442,0.1958776080593421,1.43697278355144,0.9603226230177344,1.0670251366863717,3000,3000,1.4037203831113492,0.946303028083923,0.5,0.7343094668482442,0.7343094668482442,1,False,False,False,False,True,1e-06,0.9,-9.970415066109384
0.5689255276788461,-2.7392508225110775e-07,761794.9170908772,4.038891366095619,2.3307363991624045e-05,0.4902849641760761,1.177145366610457e-06,3,1,0.1,0.1433657447894273,0.0723793058711941,0.7427517283670756,1.5366116394257483,0.9356671441320864,1.0396301601467628,3000,3000,1.110583439724204,1.2297827719369727,0.5,0.0723793058711941,0.0723793058711941,1,False,False,False,False,True,1e-06,0.9,-7.305810641714919
0.2389789253757894,-0.0156311107390797,2.354961335248993,0.1548500837534412,0.0212554333002518,0.5497434722844325,0.3990438705228334,3,1,0.1,27.77284090649682,1.686610296469024,1.5317812105048978,0.7804878196210728,0.7371272154630476,0.8190302394033862,3000,3000,1.6610194119838124,1.929010932985328,0.5,1.686610296469024,1.686610296469024,1,False,False,False,False,True,1e-06,0.9,-2.3803258374633662
0.2221150641577707,-0.0006740472165853,810.8974531994218,1.329625525922254,0.0047893596733622,0.3756915722867396,0.0012331989220998,3,1,0.1,0.2812349727958316,0.1720874183161111,1.5788973394729844,1.5778477650911382,1.4955820848520172,1.6617578720577968,3000,3000,1.90127470891078,0.6049966861568472,0.5,0.1720874183161111,0.1720874183161111,1,False,False,False,False,True,1e-06,0.9,-5.209922580454201
0.2617677835263247,-0.0067841869948605,75.53079646998494,0.6563962217510756,0.0332841297525333,0.4513601749191092,0.010749378466486,3,1,0.1,0.5353268376178478,0.2833902589364643,0.6745309025010379,0.3914979596448628,1.093972995427197,1.2155255504746634,3000,3000,1.334753646235579,1.7314615266230782,0.5,0.2833902589364643,0.2833902589364643,1,False,False,False,False,True,1e-06,0.9,-6.640657319228573
0.2131083333890341,-0.0292491296341911,2.9550384089391217,0.1791319786670578,0.0210925892413419,0.8884577053626321,0.3172647455301288,3,1,0.1,-8.41383350566459,1.2883000085297978,1.7347590164756248,0.3342023113283443,0.1129913833463312,0.1255459814959236,3000,3000,1.653327072981918,1.8746025381451568,0.5,1.2883000085297978,1.2883000085297978,1,False,False,False,False,True,1e-06,0.9,-4.324807682510091
0.230600427945242,-0.0229140253512495,5.993570417383374,0.2741117916503343,0.0298271038178876,0.7758192750126718,0.1365689836132019,3,1,0.1,6.291989465228739,0.90321673244961,0.733862654214352,0.5540071992443373,0.2600639852435993,0.2889599836039992,3000,3000,0.2900074607733137,1.28683337389361,0.5,0.90321673244961,0.90321673244961,1,False,False,False,False,True,1e-06,0.9,-8.690672474871574
0.2575055463978661,-0.0003776240928959,6.065692235883331,0.5539887785032805,0.1210920063625026,0.4671794071079552,0.1629791127722523,3,1,0.1,1.6892753264862623,0.6320374184940106,0.93679688307533,1.237384138563796,1.0264547758459508,1.1405053064955009,3000,3000,1.5610590427971358,0.7253539022548997,0.5,0.6320374184940106,0.6320374184940106,1,False,False,False,False,True,1e-06,0.9,-1.860895669297492
0.2220716017075398,-0.0230893285084403,3.5574241330574567,0.2647439610228429,0.0472168592511106,0.5019275656956598,0.2638896627075179,3,1,0.1,2.6528406179038333,0.9216416567175566,1.9451896009186127,0.6215950123120035,0.893087412428965,0.9923193471432944,3000,3000,0.4838582754194747,1.6094781159235203,0.5,0.9216416567175566,0.9216416567175566,1,False,False,False,False,True,1e-06,0.9,-3.070563237475428
0.353184013206277,-1.414693626590472e-09,148943901.23754826,6.9549529865281965,1.6319954086121e-07,0.4787319608602875,6.713939541077994e-09,3,1,0.1,0.1030413939274666,0.0533178405863686,1.8869927033670777,1.362641963197626,0.9799663978621532,1.0888515531801704,3000,3000,1.7537323621894736,0.3624590663731415,0.5,0.0533178405863686,0.0533178405863686,1,False,False,False,False,True,1e-06,0.9,-6.66961257189651
0.2760324938187616,-0.0051818747487418,6.475596685921518,0.2214189692013058,0.0252969162695573,0.6735290076208265,0.0974187762834415,3,1,0.1,5.885618086067261,1.246732635558878,0.5657764175312407,1.746221911767485,0.4362453432839656,0.4847170480932951,3000,3000,1.1151259359970196,1.4334978785954609,0.5,1.246732635558878,1.246732635558878,1,False,False,False,False,True,1e-06,0.9,-7.324503839703699
0.2949674410580192,-0.0078531940359506,9.40279731065216,0.5262358769784161,0.0359790359865813,0.7890003867166433,0.1051007076448885,3,1,0.1,3.065025076246592,0.4732649930915006,1.0871734704341427,0.5715051294154333,0.2406838515571228,0.2674265017301365,3000,3000,1.6374953735100577,1.9971954962281824,0.5,0.4732649930915006,0.4732649930915006,1,False,False,False,False,True,1e-06,0.9,-6.598284356495926
0.245894694949682,-0.0053053519302099,3.13427684290751,0.1599278215212154,0.0192253519729568,0.5701120531807152,0.2930547995798415,3,1,0.1,7.600973682988418,1.90370083281174,0.8012388438646841,1.5196024369645469,0.6786370328057528,0.7540411475619475,3000,3000,1.505613956459262,0.9884558521260868,0.5,1.90370083281174,1.90370083281174,1,False,False,False,False,True,1e-06,0.9,-6.048621444767408
0.1956065794015375,-0.0202963292902224,6.04035290693036,0.1568153676622815,0.013850041025557,0.6650977038600415,0.1152000309809929,3,1,0.1,93.47198081519164,1.718331413204876,0.4885365254642623,0.4332366403190294,0.4531846445667323,0.5035384939630358,3000,3000,1.7049291051894315,0.794219692412671,0.5,1.718331413204876,1.718331413204876,1,False,False,False,False,True,1e-06,0.9,-3.610710884223013
0.3363797699153951,-1.6291797512170368e-05,36841.62024753328,1.208239787919592,0.0001483956629962,0.3688005605452493,2.71432144388268e-05,3,1,0.1,0.1599747292291802,0.1000411652094665,1.4727085937522115,1.7002639206935086,1.54034336246508,1.7114926249612,3000,3000,0.8179604874789578,1.904863994944268,0.5,0.1000411652094665,0.1000411652094665,1,False,False,False,False,True,1e-06,0.9,-6.314016105705472
0.2132814786159541,-0.0216950340249048,5.121492725037123,0.354064884984434,0.0723516319542052,0.3370767051636962,0.1903656561838665,3,1,0.1,1.3433340717061957,0.8357503820726958,1.2688135786662855,1.0149314660676825,1.7700154184873989,1.966683798319332,3000,3000,0.7367064134494485,0.86298017212701,0.5,0.8357503820726958,0.8357503820726958,1,False,False,False,False,True,1e-06,0.9,-6.908608475750137
0.2960853307883074,0.0072660850527263,5.171861585950995,0.5288612138988058,0.1160613917642333,0.501786327412477,0.1821162648555401,3,1,0.1,2.0354580766796446,0.6871185321997946,0.8835855991697296,1.892704755296767,0.89359211447821,0.9928801271980112,3000,3000,1.3975523084108024,0.9699768016696724,0.5,0.6871185321997946,0.6871185321997946,1,False,False,False,False,True,1e-06,0.9,-2.146341128710972
0.1814372841328322,-0.0289537641122082,5.941623079638638,0.2970738308326928,0.0334754138601755,0.6119358487685798,0.1647106043142377,3,1,0.1,3.1834244335802326,0.8169918188999525,1.9849273300720456,0.1364151628801552,0.5707424018565048,0.6341582242850053,3000,3000,1.1464177139773977,0.7761508553021255,0.5,0.8169918188999525,0.8169918188999525,1,False,False,False,False,True,1e-06,0.9,-3.8040490686763633
0.2183168234895664,-0.0252147457373187,3.555051914071513,0.2356306242922862,0.0255812273286334,0.7866476426723094,0.1282825233803662,3,1,0.1,-18.845718129118765,1.0502112630063027,1.5343455205137746,0.9526910923730147,0.244095464320751,0.2712171825786122,3000,3000,0.1282825233803651,1.1792783294923563,0.5,1.0502112630063027,1.0502112630063027,1,False,False,False,False,True,1e-06,0.9,-3.0702722268136444
0.3788714467038929,0.0104280145304506,8.134291828937272,0.6443083503575228,0.0819350586088645,0.6226544525049945,0.0906889481556634,3,1,0.1,1.5435831156962796,0.501453314653759,0.7948520075568433,1.680013194530087,0.545424498900184,0.6060272210002043,3000,3000,1.2870103836712266,1.9147612430347631,0.5,0.501453314653759,0.501453314653759,1,False,False,False,False,True,1e-06,0.9,-5.9492765873212985
0.1907980807114861,-0.0241971387557503,3.351563617791597,0.1992629622327681,0.0264274562919696,0.438319358274887,0.2868921323547541,3,1,0.1,2.9370816064513536,1.3144316499547584,1.9137602784162355,0.4460656248650546,1.1532974029305254,1.2814415588116947,3000,3000,1.5837842723726887,0.8249882701584361,0.5,1.3144316499547584,1.3144316499547584,1,False,False,False,False,True,1e-06,0.9,-5.047190286233908
0.2103316307374835,-0.0190187293006486,11.339009666981344,0.1906542685980907,0.027537032631642,0.4197660186071491,0.0504528897503665,3,1,0.1,3.176647938352972,1.5383439974608422,0.338829241670963,0.5888483661982813,1.2440515908990064,1.3822795454433403,3000,3000,0.9064535071152686,0.8933056351219257,0.5,1.5383439974608422,1.5383439974608422,1,False,False,False,False,True,1e-06,0.9,-6.728780848428002
0.2111440661008169,-0.0204616716528251,2.4088946438188654,0.1358836835659272,0.017637757890431,0.361596721506746,0.3914734823411122,3,1,0.1,3.737408157698898,1.995760973538172,1.5852426003020086,0.5398627241725674,1.5889606195813082,1.7655117995347869,3000,3000,1.5509138542071086,1.2629711318308436,0.5,1.995760973538172,1.995760973538172,1,False,False,False,False,True,1e-06,0.9,-6.911975623271268
0.1638174339005494,-0.0178903005799798,6.826523305675825,0.3333170643686178,0.0560825192245577,0.3392280422710267,0.1453073360614849,3,1,0.1,1.5221339295553316,0.9477341656407328,0.8479590933171078,0.747393191927804,1.7530825517099902,1.947869501899989,3000,3000,1.8897554292315613,0.3729053966094193,0.5,0.9477341656407328,0.9477341656407328,1,False,False,False,False,True,1e-06,0.9,-8.430135012618951
0.3063059374728383,-0.007656932395317,19.82906651130053,0.7399445564041068,0.0651816511484395,0.4790224557586243,0.0502177580036826,3,1,0.1,0.7045896900021537,0.3410538359648424,1.6429579690516454,1.2557368643950269,0.978826324696358,1.0875848052181756,3000,3000,0.408217658106394,1.748613898825219,0.5,0.3410538359648424,0.3410538359648424,1,False,False,False,False,True,1e-06,0.9,-4.423658496152664
0.2414221777824636,-0.0169801360970114,5.613854102192977,0.2022808254914485,0.0388676099742771,0.3869033938441417,0.1175649806532176,3,1,0.1,2.9173277584494595,1.4925777947216747,0.5920415762646815,0.9150572825225798,1.426162071254799,1.5846245236164436,3000,3000,1.6282463880819582,1.6378627825237126,0.5,1.4925777947216747,1.4925777947216747,1,False,False,False,False,True,1e-06,0.9,-5.691083425312304
0.2390905067288136,-0.0197969581276567,21.693480108932665,0.4303491566893841,0.0621668906442272,0.5087744424210592,0.0289815050041031,3,1,0.1,1.3275095324446105,0.5533205338694561,0.4434008499594389,0.4142237030595195,0.8689567811567949,0.9655075346186608,3000,3000,1.2115169559858516,1.536369360643352,0.5,0.5533205338694561,0.5533205338694561,1,False,False,False,False,True,1e-06,0.9,-3.783066593056099
0.3131549473450755,0.014323958245807,23.602638161784824,2.0107518763221623,0.0567621475547656,0.7812541598325806,0.0284379945197983,3,1,0.1,2.2102064572821583,0.2279154532369949,0.3409986270423662,0.9604595191088708,0.2519938661099304,0.2799931845665893,3000,3000,1.3625023782114272,0.4078443630271082,0.5,0.2279154532369949,0.2279154532369949,1,False,False,False,False,True,1e-06,0.9,-1.5399600417764638
0.2539992888606069,-0.0048413961111112,68.08772198473736,0.8380885788471745,0.0319513970474807,0.3755347996381815,0.0146821007186271,3,1,0.1,0.4311417257591611,0.2634916972252235,1.9216712244873693,1.7459257550717586,1.4965821566127229,1.6628690629030254,3000,3000,1.6639523451427551,1.0799054512159394,0.5,0.2634916972252235,0.2634916972252235,1,False,False,False,False,True,1e-06,0.9,-7.430643289109476
0.2053340295959618,-0.0185475231064345,4.692986241155707,0.3233851031526671,0.0345534247387132,0.7121223922013388,0.2054027969826027,3,1,0.1,4.528274168332601,0.8126864349866803,1.7594833001560706,0.5903011736365282,0.3638276929024616,0.4042529921138462,3000,3000,1.250276570790935,0.8873250106751077,0.5,0.8126864349866803,0.8126864349866803,1,False,False,False,False,True,1e-06,0.9,-5.338451476955041
0.2773511058744048,-0.0042020098504806,2.6414433793931207,0.2084526153269673,0.0436539675613788,0.4087275554054365,0.3668284241880958,3,1,0.1,3.744498875950547,1.7048476570843427,1.0581670412340485,1.8406384422648376,1.3019557724882207,1.4466175249869118,3000,3000,1.637352280131762,1.747215287258264,0.5,1.7048476570843427,1.7048476570843427,1,False,False,False,False,True,1e-06,0.9,-5.124473398963399
0.4570692108439337,-0.0002752827248497,441.4685370415135,1.7879245017084655,0.0113886069081331,0.4519875769135141,0.0022651498559377,3,1,0.1,0.3176107380842947,0.1563224669054487,1.9800267125171884,1.9965127676571828,1.0912051701638057,1.2124501890708952,3000,3000,1.4998638806740006,1.6149359817276503,0.5,0.1563224669054487,0.1563224669054487,1,False,False,False,False,True,1e-06,0.9,-1.2655559609602296
0.2188489573751186,-0.0139018111069372,3.0108944282297854,0.222533775148181,0.0324598594750423,0.5246527120787776,0.3121917538175547,3,1,0.1,16.21512732253369,1.3203035630259985,1.3164341583672143,0.8308790866800656,0.8154204663005022,0.9060227403338914,3000,3000,0.4613580144273368,0.8517330469292665,0.5,1.3203035630259985,1.3203035630259985,1,False,False,False,False,True,1e-06,0.9,-1.758467182779551
0.2122525814196301,-0.0271160412983252,10.305604867558609,0.3334660670619461,0.0371419826400359,0.9340384969569676,0.0775396804729869,3,1,0.1,-0.609778406930972,0.6740852066581287,0.672886663310213,0.1746809894588995,0.0635577151607102,0.0706196835119002,3000,3000,1.1159994206943304,1.4694363915735411,0.5,0.6740852066581287,0.6740852066581287,1,False,False,False,False,True,1e-06,0.9,-0.5374853642128841
0.187943756654195,-0.0081109654227499,6.280512375002415,0.3636007642420356,0.0765104789401597,0.4119145632636135,0.1480644111603362,3,1,0.1,1.8713527708378384,0.9844692912825987,0.6276992596577402,1.2904521695329412,1.2849191076646302,1.4276878974051448,3000,3000,1.71587448323985,0.3978855064711463,0.5,0.9844692912825987,0.9844692912825987,1,False,False,False,False,True,1e-06,0.9,-6.539352281715371
0.4798473241308045,0.0122162200377033,8.766276209927492,3.1057809169775825,-0.0752474422390131,0.9863426293790436,0.1131799618701906,3,1,0.1,-16.423577650533772,0.1272659907144384,1.7775422753996524,1.2120271249331642,0.0124618293813367,0.0138464770903741,3000,3000,1.5543465141830315,0.699246181721318,0.5,0.1272659907144384,0.1272659907144384,1,False,False,False,False,True,1e-06,0.9,-5.864047937536139
0.2753601765954414,-0.0019957164070473,237.7084311336086,0.8477035117622262,0.0123112439490406,0.3845129470806732,0.0042067029010734,3,1,0.1,0.3361825513704343,0.2029454754891083,1.0939154009432386,1.0783924917579637,1.440623395994971,1.6006926622166344,3000,3000,1.713354660952108,1.5736207919440683,0.5,0.2029454754891083,0.2029454754891083,1,False,False,False,False,True,1e-06,0.9,-6.607189714555654
0.1622583440275264,-0.0196131995443375,36.15579898203245,0.1764212196794799,0.0140357835460669,0.4435316739482082,0.0145165347878323,3,1,0.1,3.538325404705307,1.6923931561203522,0.162768659993575,0.3040688714838134,1.1291673692397766,1.2546304102664183,3000,3000,1.8080039169131643,0.4273492401065051,0.5,1.6923931561203522,1.6923931561203522,1,False,False,False,False,True,1e-06,0.9,-9.603158826150384
0.2367703443357507,-0.0034494645319264,2.860092312670627,0.286359933524888,0.0467598257579737,0.5326139148614092,0.3423125189387853,3,1,0.1,3.5530034395384265,1.1785610934093909,1.8892265791810272,1.773864725195806,0.7897793596590276,0.877532621843364,3000,3000,1.229964009784308,0.6784306060490763,0.5,1.1785610934093909,1.1785610934093909,1,False,False,False,False,True,1e-06,0.9,-4.626538599253525
0.1967084772427162,-0.0243463249190781,5.139473356939327,0.2120566549579689,0.0234570797227357,0.6058401461395075,0.1749857294144904,3,1,0.1,4.351769925933072,1.243782909987978,0.678195853840786,0.3312207253971613,0.58554037848914,0.6506004205434889,3000,3000,0.5877946964775193,0.8357258258810475,0.5,1.243782909987978,1.243782909987978,1,False,False,False,False,True,1e-06,0.9,-6.9546867152650105
0.2279047959235561,-0.0192621731498021,4.510402474257639,0.3587738197478574,0.0658602970656551,0.4080371917756006,0.211700996202825,3,1,0.1,1.790687076817041,0.8592012683575243,1.6473932085466545,1.580063880321942,1.3056812911675797,1.4507569901861994,3000,3000,0.3553746218484662,0.9012340143069952,0.5,0.8592012683575243,0.8592012683575243,1,False,False,False,False,True,1e-06,0.9,-3.126150004261926
0.2365276133187865,-0.0250820576692555,48.631096220890655,0.3089192394340062,0.0651844253672418,0.3656486838884337,0.0107313806570577,3,1,0.1,1.4657433126007104,0.8730126358779926,0.2256901486626612,1.271301274658464,1.5613790221506902,1.7348655801674335,3000,3000,0.3998543176518249,1.952835547912908,0.5,0.8730126358779926,0.8730126358779926,1,False,False,False,False,True,1e-06,0.9,-8.239859788509804
0.2180451352768189,-0.0264446605486932,10.561151713311157,0.3214797999556189,0.0552749954761202,0.427208632543181,0.0670625544389211,3,1,0.1,1.6985640010343876,0.7475531645024376,0.5675580591289392,0.3763017737719119,1.2066990024107962,1.3407766693453291,3000,3000,1.180904823519732,1.4330340714050451,0.5,0.7475531645024376,0.7475531645024376,1,False,False,False,False,True,1e-06,0.9,-2.4069586163064383
0.1432329086313625,-0.0115932810342345,12.139735707337776,0.506483173851717,0.078241411479563,0.3765525868534779,0.0821070072865465,3,1,0.1,1.2151814610582243,0.6799618193064618,0.7414536337055677,0.8206756388278466,1.4901044141550486,1.6556715712833874,3000,3000,1.4659083740675312,0.2392333601788745,0.5,0.6799618193064618,0.6799618193064618,1,False,False,False,False,True,1e-06,0.9,-4.00743257241023
0.2356556487968067,-0.0122046712323455,2.5339832052715123,0.1758741835331947,0.0098198658681924,0.9086505680296963,0.3598108785045664,3,1,0.1,-4.643723797471123,1.4766413760742396,1.6935008730633654,1.384328124073415,0.0904797638013321,0.100533070890369,3000,3000,0.5038729020944628,0.9716500252059592,0.5,1.4766413760742396,1.4766413760742396,1,False,False,False,False,True,1e-06,0.9,-3.27787274905803
0.1587795717568534,0.008367454570561,15.399474791348132,1.987935912970036,0.0960640413881533,0.7360007504980979,0.0616886144561341,3,1,0.1,1.0918886429695016,0.2594141734677275,0.5146850932421939,1.6569433379519776,0.3228248400438634,0.3586942667154038,3000,3000,1.9587852828793075,0.1577143828383611,0.5,0.2594141734677275,0.2594141734677275,1,False,False,False,False,True,1e-06,0.9,-7.227709848265571
0.2873112593806117,0.0023992547830118,41.73133724254721,0.2975365911509142,0.0552980002193633,0.5686421173716124,0.0123833340379315,3,1,0.1,-3.5795477597977308,0.9939273456951824,0.2175644075855308,1.4402693024057225,0.682717798252433,0.7585753313915922,3000,3000,0.5104289304518997,1.8809645882615984,0.5,0.9939273456951824,0.9939273456951824,1,False,False,False,False,True,1e-06,0.9,-0.7971339763561769
0.2729535281222249,-0.0118256021710624,23.496226609793347,0.4182457381338921,0.0717762778045858,0.5471385966400326,0.024664799479793,3,1,0.1,3.5007422963822896,0.6323622451200398,0.4137524734771313,1.8583652716539296,0.7449214248946836,0.827690472105204,3000,3000,0.2678803700593229,1.9484418209518248,0.5,0.6323622451200398,0.6323622451200398,1,False,False,False,False,True,1e-06,0.9,-1.270970935032036
0.2246947162043595,-0.0105558285037315,33.94626373052648,0.6729886527912198,0.0472628323295331,0.3568341706163979,0.0294221883935403,3,1,0.1,0.5527288859678589,0.346055816960708,1.0624130756825232,1.6558629933138287,1.6221799763327969,1.80242219592533,3000,3000,0.7099945859719188,0.9724702340202084,0.5,0.346055816960708,0.346055816960708,1,False,False,False,False,True,1e-06,0.9,-7.229845990834279
0.2604666987969786,-0.0090201116826391,142.39187183251732,0.2451655089678946,0.0281706978178434,0.683223811810815,0.0035463965713979,3,1,0.1,7.822577267034824,1.1065992575158918,0.1094250267733864,1.5360657425373454,0.4172842989980717,0.4636492211089686,3000,3000,0.6790722837800405,1.3232993522479044,0.5,1.1065992575158918,1.1065992575158918,1,False,False,False,False,True,1e-06,0.9,-4.312577212075653
0.2580365302579184,-0.0090745596163605,3.359517266447183,0.1630365872775278,0.0186792582591151,0.6146864594915448,0.2563003900275172,3,1,0.1,6.604716786757754,1.7202498771426271,0.8772754196884346,1.791848275552435,0.5641610956331466,0.6268456618146073,3000,3000,0.837115522996832,1.3662190237584886,0.5,1.7202498771426271,1.7202498771426271,1,False,False,False,False,True,1e-06,0.9,-8.469087120660927
0.163908685872198,-0.0163013806805675,24.728162948406688,0.1916078080822824,0.0160670664070428,0.4920066788431076,0.0218916632799238,3,1,0.1,3.955503267592592,1.679233587470983,0.2037755829485809,0.5759214635336131,0.9292434609144692,1.03249273434941,3000,3000,0.1967808703634718,0.3744231450487332,0.5,1.679233587470983,1.679233587470983,1,False,False,False,False,True,1e-06,0.9,-9.899002363246565
0.1857684590146884,-0.0195441681002803,4.026527521895294,0.1453089811828854,0.0145303890362509,0.3721694476680289,0.2426782294305896,3,1,0.1,3.61988416015518,1.9721976377660844,0.6713189475808157,0.3824514509671974,1.5182533134820633,1.6869481260911814,3000,3000,1.3908901895042065,0.673419565739109,0.5,1.9721976377660844,1.9721976377660844,1,False,False,False,False,True,1e-06,0.9,-8.842512814548929
0.1462762956401325,-0.0057052137023174,27.09386646963416,0.6578427514651273,0.0663522798231566,0.4710061234710698,0.0367399051642023,3,1,0.1,0.8949327481855015,0.3877727802522033,1.4633333769106347,0.6843733229242547,1.01080318312524,1.1231146479169332,3000,3000,0.5480373916653434,0.2859316360397157,0.5,0.3877727802522033,0.3877727802522033,1,False,False,False,False,True,1e-06,0.9,-1.9085859203006912
0.2138702147812395,-0.0297543740254798,4.789617909246646,0.1980845512427603,0.0237323882344982,0.9102703884971224,0.1853688206296072,3,1,0.1,-30.868366278997005,1.159114244367044,0.8343328263131314,0.343811294609987,0.0887172112518358,0.0985746791687064,3000,3000,1.9383262060920727,1.7408161569074885,0.5,1.159114244367044,1.159114244367044,1,False,False,False,False,True,1e-06,0.9,-8.289666010948674
0.2324851487834822,-0.0189241553805736,76.35016489328002,0.2798867599340863,0.0273336052710322,0.7954863252199018,0.00675035020701,3,1,0.1,-15.346577444148382,0.9031498239599336,0.1610770337199608,1.1821266425875008,0.2313833707338798,0.2570926341487554,3000,3000,0.2332409112231274,1.1510563343406952,0.5,0.9031498239599336,0.9031498239599336,1,False,False,False,False,True,1e-06,0.9,-2.727948985875937
0.240988890849412,-0.0140352693418105,26.095883030800945,0.1890092217641902,0.0259191592578182,0.5438535135908612,0.0199961721366968,3,1,0.1,4.140246872032177,1.5093462493104284,0.2302225413986819,0.9578742764037828,0.7548573788879965,0.8387304209866628,3000,3000,1.38015770654515,1.2501936440924966,0.5,1.5093462493104284,1.5093462493104284,1,False,False,False,False,True,1e-06,0.9,-8.962188040057459
0.2284723089283209,-0.0237099277829373,59.69224905688738,0.2918433987751238,0.049692652483893,0.4656741730472028,0.0086714400355824,3,1,0.1,2.655157586767652,0.9052931931449208,0.1811454703039547,0.7265011215535081,1.0326818021938529,1.1474242246598363,3000,3000,0.1994166446664776,1.372491579271257,0.5,0.9052931931449208,0.9052931931449208,1,False,False,False,False,True,1e-06,0.9,-2.1801369902636383
0.2742844861686099,-0.0087790897052624,2.4045839945024454,0.2260148313119759,0.0434933221187022,0.4512235459104083,0.390395681497409,3,1,0.1,3.211112116768684,1.4361293818908578,1.4117476790205106,1.6638238343019462,1.0945767639056174,1.2161964043395748,3000,3000,1.1178905148938354,1.8240374760905105,0.5,1.4361293818908578,1.4361293818908578,1,False,False,False,False,True,1e-06,0.9,-6.38193150317454
0.2285070862119002,-0.0190680339430673,13.323648230497836,0.1467876693437169,0.0162184100327318,0.6209574935496589,0.0410229332128986,3,1,0.1,15.574936074709717,1.736517754408241,0.3386484106967288,0.61100479742606,0.5493745696749944,0.6104161885277716,3000,3000,1.4428991545578655,1.576764449501215,0.5,1.736517754408241,1.736517754408241,1,False,False,False,False,True,1e-06,0.9,-4.030316728925623
0.1460663129455393,-0.0157082442799499,24.029784113013463,0.5548453047341595,0.0366061687047795,0.3606269879434216,0.0415743493071366,3,1,0.1,0.8474479113368277,0.5160850327990006,0.7889791293226345,0.4441926648268941,1.5956534870906554,1.772948318989617,3000,3000,0.1009525217545416,0.317676679281927,0.5,0.5160850327990006,0.5160850327990006,1,False,False,False,False,True,1e-06,0.9,-6.125060232100294
0.1974838792371712,-0.0094569700236094,47.93256069822007,0.6250722059426255,0.0268489964166149,0.3507282232390643,0.0208490568148635,3,1,0.1,0.505514671195329,0.3206930610506303,1.249775994822483,0.1159006365374921,1.6660894686155308,1.851210520683923,3000,3000,1.842228479569905,0.8673944113141846,0.5,0.3206930610506303,0.3206930610506303,1,False,False,False,False,True,1e-06,0.9,-7.55758271561756
0.2330653193357607,-0.0175524682364911,3.949045438022844,0.1210557817967669,0.0091804316613798,0.8820756882878518,0.1910048940502442,3,1,0.1,-35.06865054575025,1.971798594496167,0.7145525337144849,0.7508309600031505,0.1203206050797522,0.1336895611997247,3000,3000,1.7868505013197773,1.6534371117513662,0.5,1.971798594496167,1.971798594496167,1,False,False,False,False,True,1e-06,0.9,-9.987162391005482
0.5431770212761078,0.0006601423871351,169.2528602548836,2.777473644614593,0.0213867936011297,0.623149607478641,0.0059080016771919,3,1,0.1,0.3727824892114074,0.1322496701638032,1.7122388311205612,1.3795814932897403,0.5442759639078297,0.6047510710086997,3000,3000,0.4984559145669295,1.019953112103315,0.5,0.1322496701638032,0.1322496701638032,1,False,False,False,False,True,1e-06,0.9,-3.7312549038990825
0.2301718640995178,-0.018562823387401,2.5746587053917587,0.1732177933543231,0.0200131189976264,0.5699346206305302,0.2999023940523857,3,1,0.1,4.790028808678314,1.592442982398515,1.664463875275219,1.590190845275656,0.6791284954830638,0.7545872172034042,3000,3000,0.2999023940523905,1.162485052041302,0.5,1.592442982398515,1.592442982398515,1,False,False,False,False,True,1e-06,0.9,-9.297554610538477
0.1888511150567896,-0.0029445096162559,17.805885298996355,0.8533175784698066,0.0863199890130615,0.5136929201358542,0.0559163496050982,3,1,0.1,0.8581419872555381,0.3970823274569561,1.457333476264495,0.9787212433687402,0.8520194745179294,0.9466883050199216,3000,3000,1.332970199938544,0.3370008395130284,0.5,0.3970823274569561,0.3970823274569561,1,False,False,False,False,True,1e-06,0.9,-8.649111242391697
0.2306197917490051,-0.0219935279139012,2.7761621498594007,0.2182765822967481,0.0405902937199553,0.3386252199569813,0.3168332794119065,3,1,0.1,2.4574976693693027,1.3769887493578912,1.4896959617973464,1.2341397288619436,1.7578055825680532,1.9531173139645035,3000,3000,0.3260261832611131,1.485267894780372,0.5,1.3769887493578912,1.3769887493578912,1,False,False,False,False,True,1e-06,0.9,-4.61422983741437
0.473045893577031,-3.3391336998473604e-07,806047.9334613018,4.503809172668358,1.7100780891047414e-05,0.4967925801952735,1.2406210104539635e-06,3,1,0.1,0.149759673384655,0.0735955145984822,0.9322131754334002,1.0843638857486302,0.9116212598147868,1.0129125109053188,3000,3000,0.2576797215821571,0.8244487306140779,0.5,0.0735955145984822,0.0735955145984822,1,False,False,False,False,True,1e-06,0.9,-3.102839041514123
0.6547699903881851,0.0062713024931109,21.54378888403208,2.512361026046796,-0.001525779467512,0.9058436627670516,0.046246064888333,3,1,0.1,1.6097949493933588,0.1077962384041888,1.3183384245768346,0.6196201051750696,0.0935489279141156,0.1039432532379062,3000,3000,1.7504625418492687,1.6792521336255557,0.5,0.1077962384041888,0.1077962384041888,1,False,False,False,False,True,1e-06,0.9,-3.590788094717655
0.3054990554099356,-0.0015548508965506,43.30917069440211,0.5994265709254073,0.1220318693356451,0.4739314902706362,0.0123567485954207,3,1,0.1,1.173315004494009,0.5547365562722091,0.2508578879206523,1.6140667530733956,0.9990086509889003,1.1100096122098893,3000,3000,1.632164565181967,1.3683416063585494,0.5,0.5547365562722091,0.5547365562722091,1,False,False,False,False,True,1e-06,0.9,-4.934972208828209
0.3606725374359011,8.58710001596236e-05,105.16663199979338,1.4518750175543944,0.0456858273061608,0.590512237419289,0.0062220383547169,3,1,0.1,0.6202623841553367,0.2441812381062256,0.3868664712780507,0.8817470095137483,0.6241005062541342,0.693445006949038,3000,3000,0.4011510089229593,0.8188099421621318,0.5,0.2441812381062256,0.2441812381062256,1,False,False,False,False,True,1e-06,0.9,-9.1181939501675
0.2272263161984242,-0.0152217588315534,29.204189348373305,0.1427030991302073,0.0088108913181886,0.9312215599565008,0.0177576234856729,3,1,0.1,-16.993527815182425,1.7542583243624563,0.204827219787369,0.7830222244041313,0.0664724687452906,0.0738582986058784,3000,3000,1.1694459510106536,1.0795488076906252,0.5,1.7542583243624563,1.7542583243624563,1,False,False,False,False,True,1e-06,0.9,-9.49717339841845
0.2377675984709583,-0.0201081831766258,101.94531277366498,0.3400698673364435,0.0702625459634722,0.4023783640951981,0.0050020075945742,3,1,0.1,1.5073023526447125,0.8473266161935463,0.1360620535423096,0.8325113028834902,1.3367007779450837,1.4852230866056486,3000,3000,1.293689488419165,1.317369334362151,0.5,0.8473266161935463,0.8473266161935463,1,False,False,False,False,True,1e-06,0.9,-9.61117807529409
0.2982924129370137,0.0006852005627555,2.516486558850107,0.2479419264934541,0.0103121756503136,0.865898163821318,0.3823128689197954,3,1,0.1,123.40608726927871,1.0149770691982416,1.6289064386487049,1.665957659821605,0.139383194933901,0.1548702165932234,3000,3000,1.8186796156791727,1.5202449458399114,0.5,1.0149770691982416,1.0149770691982416,1,False,False,False,False,True,1e-06,0.9,-6.981940898540458
0.133645335136541,-0.0076238320619817,48.38233434988933,0.8136501081581254,0.0536357291599126,0.4271450436480831,0.0166160067925236,3,1,0.1,0.8603353881047482,0.4324611553812706,0.406861876733718,0.464109136365045,1.2070126257662803,1.3411251397403114,3000,3000,0.8949781083280263,0.2017237350571903,0.5,0.4324611553812706,0.4324611553812706,1,False,False,False,False,True,1e-06,0.9,-2.6317964942363687
0.2317367433063213,-0.015889497689254,4.257528712103252,0.2517722020172627,0.0354356611619942,0.5727617824971768,0.2268851088550964,3,1,0.1,3.378697357563797,1.1164012413271431,0.8153688509168018,0.8113333068808931,0.6713338904633294,0.7459265449592548,3000,3000,1.5319081325987938,1.0442312073883866,0.5,1.1164012413271431,1.1164012413271431,1,False,False,False,False,True,1e-06,0.9,-6.604702681965785
0.2392117655685471,-0.0025243735380656,152.91135748992585,0.7421377153666807,0.0156981115254065,0.5299423552060312,0.0065389217875663,3,1,0.1,0.4933766715787046,0.2222906221373816,1.4235179584148927,0.2166491876378893,0.7982979208183839,0.8869976897982044,3000,3000,0.8462141660598405,1.020952400026501,0.5,0.2222906221373816,0.2222906221373816,1,False,False,False,False,True,1e-06,0.9,-6.038571719206063
0.2327568299048874,-0.0070473065160239,5.620986803435638,0.3125346191470332,0.0848148797783377,0.3460949988297324,0.1315012689625211,3,1,0.1,2.0648772514356364,1.204507150170241,0.5765278207269899,1.8766041841172816,1.7004420839457752,1.8893800932730835,3000,3000,1.9487833870282072,0.7663033290660252,0.5,1.204507150170241,1.204507150170241,1,False,False,False,False,True,1e-06,0.9,-5.906914377287952
0.2402224111314931,-0.0186682286384952,2.820338684336454,0.2194060178728421,0.0425158435850597,0.3387826438873554,0.3262785795760983,3,1,0.1,2.46871852810521,1.4757250801418058,1.2460803991638063,1.3639628159469233,1.7565705659326774,1.9517450732585304,3000,3000,0.5302171085143381,1.5212648605476176,0.5,1.4757250801418058,1.4757250801418058,1,False,False,False,False,True,1e-06,0.9,-7.879721698961708
0.1392046341297214,-0.0072668433824208,8.924858510740128,0.5315577122778352,0.0403591037155314,0.6250935232689455,0.1119767726060742,3,1,0.1,2.532836611308506,0.7606271046821256,1.3480935362929811,1.6472592715990892,0.5397845546269983,0.5997606162522202,3000,3000,0.385104176123936,0.17941922310872,0.5,0.7606271046821256,0.7606271046821256,1,False,False,False,False,True,1e-06,0.9,-6.373495161897613
0.167011120544216,0.0020514498925559,71.80779301844021,1.8345425959475965,0.0310082295543708,0.7572740280133784,0.0138819661263646,3,1,0.1,1.0168986598428906,0.1729162659184331,1.7075907393915726,0.3827428871346795,0.2884733487573142,0.3205259430636825,3000,3000,1.2053091533234177,0.276148348586259,0.5,0.1729162659184331,0.1729162659184331,1,False,False,False,False,True,1e-06,0.9,-1.8015854471871096
0.2347653726423205,-0.0077014438212481,2.05324535466374,0.1491435370298804,0.0227446832399291,0.4863061189104441,0.4532134255037446,3,1,0.1,37.386227412696826,1.984328599805965,1.9339239988579204,1.0780145055768109,0.9506861522047596,1.0563179468941777,3000,3000,0.9882898326587312,1.1873360028037698,0.5,1.984328599805965,1.984328599805965,1,False,False,False,False,True,1e-06,0.9,-2.094994882102021
0.2603702820893828,-0.0101350068581109,4.073259884349811,0.4001942899240175,0.1131191054339079,0.3475946735450235,0.2397653579482419,3,1,0.1,1.5123797744804466,0.8986988041731419,1.0772946320092864,1.9450378101802188,1.6892226449305012,1.876914049922779,3000,3000,1.9743221423981527,1.2328362839636855,0.5,0.8986988041731419,0.8986988041731419,1,False,False,False,False,True,1e-06,0.9,-5.369520065887812
0.1503648294118111,-0.0034424968867405,4.781141555955677,0.3755755715120656,0.0489286503958331,0.5688075836456085,0.2083939087520445,3,1,0.1,2.736933891254872,0.9735705734804856,1.742348759620211,1.3952005416335709,0.6822573852333494,0.7580637613703882,3000,3000,1.4925661734389692,0.243020121785104,0.5,0.9735705734804856,0.9735705734804856,1,False,False,False,False,True,1e-06,0.9,-7.337029721199668
0.2452659293773958,-0.0128870246414138,2.8257088349379007,0.2145074520544045,0.0425235392721016,0.3962036230060999,0.3286316583235499,3,1,0.1,3.898485167024184,1.5030687098291082,1.131541457449382,1.2551135042816866,1.3715592380793136,1.5239547089770151,3000,3000,0.5803100049354619,1.3244832632826091,0.5,1.5030687098291082,1.5030687098291082,1,False,False,False,False,True,1e-06,0.9,-2.7286899500720443
0.2265458293218872,-0.0143564730663942,5.26921393032721,0.2618123135694293,0.0513546320337365,0.3993458594149034,0.1565755427288007,3,1,0.1,2.3742442388811607,1.2476509357603671,0.7039766521393851,1.7731568591040048,1.3536855679901716,1.5040950755446352,3000,3000,0.6031897484315956,0.8783966032940439,0.5,1.2476509357603671,1.2476509357603671,1,False,False,False,False,True,1e-06,0.9,-6.629095780967193
0.252615891145277,-0.0120903982398802,5.223562175723051,0.4404830118092821,0.1024519421525946,0.3964310601442684,0.1880162762108196,3,1,0.1,1.3202378908414738,0.7475656396853206,1.0464587929093432,1.452883159527359,1.3702560179630572,1.522506686625619,3000,3000,1.5521426704794938,1.050840796533695,0.5,0.7475656396853206,0.7475656396853206,1,False,False,False,False,True,1e-06,0.9,-7.938156941042412
0.2080548751506692,-0.0081117559467302,14.368179521055891,0.6788452174192751,0.0953529226025896,0.4485666266743033,0.0646447525072902,3,1,0.1,1.0219268890631927,0.5203319379571862,0.6597804429488211,1.1337884217713408,1.10639090489778,1.2293232276642,3000,3000,0.9342880780938256,0.4295844340432104,0.5,0.5203319379571862,0.5203319379571862,1,False,False,False,False,True,1e-06,0.9,-5.522266749340093
0.2309898069429232,-0.0183185115363518,2.749735789595878,0.1298556430155777,0.0129296991117457,0.6588617020955139,0.3499983013866282,3,1,0.1,9.584776412988512,1.9322540088549007,1.0557792973035551,0.7372634804455449,0.4659922820487883,0.5177692022764314,3000,3000,1.921057208228604,1.6767665254612152,0.5,1.9322540088549007,1.9322540088549007,1,False,False,False,False,True,1e-06,0.9,-9.123323457193964
0.1833597784595892,-0.0195091588602131,2.80497650645606,0.138215376352161,0.0109647021870922,0.6248539955822618,0.3431187146524992,3,1,0.1,7.856750436637122,1.976003120112141,1.7379677049917304,0.3809909280212445,0.5403364727808885,0.6003738586454316,3000,3000,0.8413953883158826,0.6895672369772702,0.5,1.976003120112141,1.976003120112141,1,False,False,False,False,True,1e-06,0.9,-9.986186544451789
0.2082097878634611,-0.0042569104734816,4.45696335660174,0.3578990796598053,0.0803169740518291,0.4338814879718306,0.2223320590455839,3,1,0.1,2.380489774079072,1.0063650033116802,0.9076415312896748,1.3782925615307835,1.1742991460802583,1.3047768289780648,3000,3000,1.528504801307238,0.4826965913169547,0.5,1.0063650033116802,1.0063650033116802,1,False,False,False,False,True,1e-06,0.9,-3.045715613961865
0.2361006596999629,-0.012476890413455,3.1392600285377474,0.2637158812367552,0.071205333770893,0.3336598684143728,0.307566641472025,3,1,0.1,2.642750068352747,1.258309607685191,1.1143517920284831,1.0648043156965203,1.7973576542992815,1.9970640603325351,3000,3000,1.486505071683565,1.1313545424849352,0.5,1.258309607685191,1.258309607685191,1,False,False,False,False,True,1e-06,0.9,-2.207356824832548
0.235845209256148,-0.0236111697082512,2.908773390469983,0.2416392758822636,0.0432554842004151,0.3870347705850111,0.2794270077361945,3,1,0.1,2.1672009138752584,1.1899231737798812,1.9447310977251504,1.9311287286050416,1.4253724688343403,1.5837471875937117,3000,3000,0.2794270077361956,1.645857073793715,0.5,1.1899231737798812,1.1899231737798812,1,False,False,False,False,True,1e-06,0.9,-7.206626355436616
0.3027009876329922,0.0012469325093356,20.72904752245825,0.451342667906991,0.0720278112128968,0.5845342935143643,0.026567842086227,3,1,0.1,2.011757949425122,0.7038084809721972,0.3247460729792175,1.5090676032185917,0.639687251861611,0.7107636131795678,3000,3000,1.3885261707791272,1.288805691856726,0.5,0.7038084809721972,0.7038084809721972,1,False,False,False,False,True,1e-06,0.9,-6.269603964364963
0.2556147129457154,-0.0161389812084299,5.324978035732404,0.314184911301704,0.0250323042872902,0.8855786631590633,0.1773489244034361,3,1,0.1,-8.226173843767752,0.7711533701343729,0.9505319821863052,0.6002553468296911,0.1162846480396134,0.1292051644884594,3000,3000,0.990257990528957,1.7726122409294789,0.5,0.7711533701343729,0.7711533701343729,1,False,False,False,False,True,1e-06,0.9,-3.280648968604016
0.2029543508072313,-0.0126308931093625,3.5039862998061,0.2534381615581411,0.0289825583019281,0.6153486073469733,0.280089143477631,3,1,0.1,3.8035987431583353,1.180764357160755,1.457675246786427,0.947047238130302,0.5625855803595278,0.6250950892883642,3000,3000,1.8421307174172432,0.6061774951393879,0.5,1.180764357160755,1.180764357160755,1,False,False,False,False,True,1e-06,0.9,-9.7898415767904
0.1908509156504191,-0.0106279998786816,289.6528166400107,0.7187505522047966,0.0502176812156831,0.4270412049595333,0.0018257498795846,3,1,0.1,0.7275861495662682,0.3943987771704185,0.1333658943775001,0.8052263839584617,1.20752496374509,1.341694404161211,3000,3000,0.2641763409900984,0.4930118268623313,0.5,0.3943987771704185,0.3943987771704185,1,False,False,False,False,True,1e-06,0.9,-5.451676068271344
0.1978793040922842,-0.0262840646547406,4.05707526963646,0.2471292229701422,0.0439673502233588,0.4216332579787065,0.2348156347811453,3,1,0.1,2.253823402862519,0.9532699927209384,1.853893593768001,0.4176196785698409,1.2345564728801637,1.3717294143112928,3000,3000,0.6745693478820995,1.1182211520210337,0.5,0.9532699927209384,0.9532699927209384,1,False,False,False,False,True,1e-06,0.9,-2.586259248563226
0.137504419076142,-0.0108997923023542,34.14683592136099,0.6363173146896591,0.028606531768432,0.6608304453999021,0.0292255092423625,3,1,0.1,1.9128065036530693,0.4074767639262524,1.9680657909255983,0.15081664928323,0.4619227235442584,0.5132474706047315,3000,3000,1.266395767906583,0.3445459065856679,0.5,0.4074767639262524,0.4074767639262524,1,False,False,False,False,True,1e-06,0.9,-2.134648975478457
0.2332341720714384,-0.0224833081544752,3.743215374043587,0.2693252865928632,0.0349436754518683,0.6833779291815022,0.252248817373285,3,1,0.1,3.557890928325325,0.9029145961970856,1.4952245463886549,0.615393153895797,0.41698722122611,0.4633191346956777,3000,3000,0.4949454670266306,1.6770640025790282,0.5,0.9029145961970856,0.9029145961970856,1,False,False,False,False,True,1e-06,0.9,-9.818465273250212
0.2701387396816687,-3.695793475564379e-05,17162.279313353392,1.5668284214896422,0.0003032673910793,0.357639425733492,5.826731848322553e-05,3,1,0.1,0.1759882815218579,0.1114797471363059,1.5395370557379322,1.3474887914068805,1.6165010768993564,1.7961123076659515,3000,3000,1.1636318347067538,0.9062364089192426,0.5,0.1114797471363059,0.1114797471363059,1,False,False,False,False,True,1e-06,0.9,-4.474323885224337
0.203481968372857,-0.0214084457626439,8.258982525356364,0.3872311745471442,0.0629059168937616,0.4090553429682958,0.1197454869547321,3,1,0.1,1.2345029938330725,0.6919223491911517,0.8416363362393608,0.5747381553308906,1.300191283333892,1.4446569814821022,3000,3000,1.358260851080828,0.7800046108746779,0.5,0.6919223491911517,0.6919223491911517,1,False,False,False,False,True,1e-06,0.9,-9.29259074929557
0.2449953894909627,-0.0156481085624074,21.830350197377,0.3223677164129199,0.0375664036103207,0.6959022005561238,0.0262947306918476,3,1,0.1,3.683767893204664,0.8037779636715902,0.3560886152108599,1.7868514199564638,0.3932851761077537,0.4369835290086152,3000,3000,0.3337472552741255,1.2307265652854602,0.5,0.8037779636715902,0.8037779636715902,1,False,False,False,False,True,1e-06,0.9,-6.511402719139044
0.219871388697889,-0.0215685970779513,3.519940227729752,0.1882077882837539,0.033055627765353,0.3630822472776599,0.2746054589729237,3,1,0.1,3.094713949978896,1.4805972052653336,0.8944088254473676,0.5545564524220081,1.5787772102549062,1.7541969002832292,3000,3000,0.7784424650385645,1.3495462759468615,0.5,1.4805972052653336,1.4805972052653336,1,False,False,False,False,True,1e-06,0.9,-3.3918779815094595
0.2078259488927985,0.0015398622156048,62.11966463684315,4.284536335851494,0.0299099239331034,0.8314184689557969,0.0160919110901055,3,1,0.1,0.9315634706320278,0.1318433324391616,0.5062009976046152,0.3577353202566808,0.1824873798273169,0.2027637553636855,3000,3000,0.6600833343754829,0.1794116890705851,0.5,0.1318433324391616,0.1318433324391616,1,False,False,False,False,True,1e-06,0.9,-4.052018478830974
0.2455632430804783,-0.0174320954041973,3.1202317829971764,0.1859353609053756,0.0311315664793536,0.4552515019830255,0.3107563925818538,3,1,0.1,3.358015481586342,1.513724007544074,1.0161769488729069,0.9096266480801628,1.076929227206717,1.1965880302296856,3000,3000,1.726608420311734,1.9332026422988928,0.5,1.513724007544074,1.513724007544074,1,False,False,False,False,True,1e-06,0.9,-7.333524675351395
0.2461754687926226,-0.0105537092742323,2.8972771245715525,0.1888608208736488,0.0266610812081163,0.526025722314588,0.3311026084332003,3,1,0.1,4.695351853929897,1.600210878176358,0.999022442586519,1.2843772558159432,0.81094294788451,0.9010477198716778,3000,3000,0.907775010998393,1.1346458634878178,0.5,1.600210878176358,1.600210878176358,1,False,False,False,False,True,1e-06,0.9,-6.3210341405026895
0.2012906108425053,-1.9178303507756917e-07,3791732.76018544,4.079166251869858,2.8543224737731908e-06,0.4453456936158051,2.637316643425048e-07,3,1,0.1,0.1320033463676493,0.0724390841752623,1.906436595964904,1.7580430406990624,1.1209019934442663,1.2454466593825182,3000,3000,0.1703358331374833,0.3200699449498794,0.5,0.0724390841752623,0.0724390841752623,1,False,False,False,False,True,1e-06,0.9,-5.479686258866481
0.236024571651008,-0.0197738218953466,5.072408753254437,0.3001499059537091,0.0366904787359981,0.6393759767013593,0.1872187237263557,3,1,0.1,3.032149341675656,0.9038883380173656,0.970671975264138,1.1365312017697111,0.5076224831643519,0.5640249812937242,3000,3000,0.2828390620110823,1.0500465586297645,0.5,0.9038883380173656,0.9038883380173656,1,False,False,False,False,True,1e-06,0.9,-9.243464195331494
0.1980404592268642,-0.0302724631317946,3.657238806883436,0.2159933652813649,0.0294599302243619,0.4116022727564688,0.2612207312377063,3,1,0.1,2.3024434718290507,1.1115012286550858,1.773299830397033,0.2589502520690657,1.2865768475299448,1.4295298305888275,3000,3000,1.6405036630626617,1.1843779625484592,0.5,1.1115012286550858,1.1115012286550858,1,False,False,False,False,True,1e-06,0.9,-4.330335629796711
0.2204687159735038,-0.0031122068904654,141.2447023180845,0.8479378539537851,0.0156684567628076,0.5707951178546344,0.0070790858541699,3,1,0.1,0.6089939177006524,0.2359346180503974,1.2040839132336725,0.1367977994435548,0.6767478940301744,0.7519421044779716,3000,3000,1.0547481746958451,0.7943176063300229,0.5,0.2359346180503974,0.2359346180503974,1,False,False,False,False,True,1e-06,0.9,-3.2227151662544067
0.207045971850809,-0.0235525224478347,2.566028772830184,0.1269006253651636,0.0141194155522195,0.3580735491006778,0.3664340707938512,3,1,0.1,4.31012033296727,1.9920587890677937,1.3694152068056888,0.3003444852097343,1.6134501061594797,1.7927223401771994,3000,3000,1.537117720833538,1.4084140499752014,0.5,1.9920587890677937,1.9920587890677937,1,False,False,False,False,True,1e-06,0.9,-3.968425223801756
0.1805526498989643,-0.0045795262510153,16.762231855939863,0.2743654695551132,0.0576277892633393,0.4088669711405751,0.0332953664702058,3,1,0.1,2.584885758344798,1.3524470423029495,0.2602836184512472,1.700630629553781,1.3012049481261851,1.4457832756957611,3000,3000,1.8125887439693624,0.3645261491046365,0.5,1.3524470423029495,1.3524470423029495,1,False,False,False,False,True,1e-06,0.9,-8.141556272571442
0.1882645873284725,-0.0094742138574302,3.090527410201891,0.1875872319558221,0.031911818896748,0.3884424588443167,0.3187553444249499,3,1,0.1,4.1313097282310896,1.8056402711858803,1.0969926215492576,1.0101894824035005,1.4169454819065226,1.5743838687850251,3000,3000,1.891649719089252,0.4958579599801951,0.5,1.8056402711858803,1.8056402711858803,1,False,False,False,False,True,1e-06,0.9,-4.01952435402496
0.1988744576352498,-0.0237838514183542,3.805970449990231,0.1918354904892089,0.0250359126834741,0.4235615768344317,0.2233915760858685,3,1,0.1,2.81304699408133,1.408337371904527,0.8918968861213605,0.3886365869407938,1.2248386284854298,1.3609318094282552,3000,3000,0.3792608548072333,0.8952940424601278,0.5,1.408337371904527,1.408337371904527,1,False,False,False,False,True,1e-06,0.9,-7.870288225439529
0.2033897474702411,-0.0020943364204518,3.156934822959155,0.2222002855579981,0.0397259446306923,0.4505614565652033,0.3145224282602195,3,1,0.1,3.68751739806513,1.6617449261598036,1.0193898223019704,1.9704771246177364,1.097507747025307,1.219453052250341,3000,3000,1.949772395699892,0.4656285677269749,0.5,1.6617449261598036,1.6617449261598036,1,False,False,False,False,True,1e-06,0.9,-7.578274690066449
0.26473679694525065,-0.008698154771120105,6.968813370947205,0.563532942737505,0.11321706724760383,0.4329238257445593,0.14122204208008485,3,1,0.1,1.0244160503403266,0.5377444095737824,1.671279765078066,1.3373231663270018,1.1788876621704636,1.309875180189404,3000,3000,1.9069504697204043,1.0891076653763943,0.5,0.5377444095737824,0.5377444095737824,1,False,False,False,False,True,1e-06,0.9,-5.523393960904338
0.3373207548225707,0.002480941163113081,12.994070947404873,0.9831997483822603,0.03516181512978852,0.7483855435492304,0.07648624417975736,3,1,0.1,1.532478788282454,0.3295585819684951,1.879610850910052,1.1156641505108167,0.30258870278511224,0.3362096697612358,3000,3000,0.33981225002142684,1.0012911635942854,0.5,0.3295585819684951,0.3295585819684951,1,False,False,False,False,True,1e-06,0.9,-6.745144947229186
0.2645694386741372,-0.011689605782606229,3.8992354860540397,0.20531780603765654,0.026078921149199113,0.6438534706939741,0.20434910936871015,3,1,0.1,7.285343771997635,1.2908734472287866,0.8291274707105591,1.050968470514262,0.4978335769937523,0.553148418881947,3000,3000,1.1417911151650768,1.834142486443167,0.5,1.2908734472287866,1.2908734472287866,1,False,False,False,False,True,1e-06,0.9,-4.644271769388759
0.25198793026013716,-0.018641021388960795,3.1944512821372903,0.2983140801185056,0.07204808751464704,0.3508324611344354,0.2963760599965109,3,1,0.1,1.8086991706205153,1.0497437685755517,1.4191730144124368,1.2276601933595983,1.665327042685281,1.8503633807614235,3000,3000,0.9579783320297772,1.8672296826517047,0.5,1.0497437685755517,1.0497437685755517,1,False,False,False,False,True,1e-06,0.9,-5.354408574386412
0.23112188005669101,-0.016545284378704204,2.5410781735329877,0.1638627154038822,0.02603458777089068,0.3570145952679403,0.36865214422348064,3,1,0.1,3.3330442957464506,1.9106299857272326,1.147773028642555,0.9106652686865495,1.6209053409274425,1.801005934363825,3000,3000,0.7126650061260794,1.3320189096326445,0.5,1.9106299857272326,1.9106299857272326,1,False,False,False,False,True,1e-06,0.9,-9.780000546573266
0.18856892799744546,-0.012628827919838478,8.091309542271397,0.21213995827375787,0.027443196826907015,0.4612894311740205,0.08119316334216387,3,1,0.1,3.4330709578844987,1.567138486248942,0.4134936779263514,1.0475705868953373,1.051052721302164,1.1678363570024044,3000,3000,0.5625238802413985,0.47463350314903474,0.5,1.567138486248942,1.567138486248942,1,False,False,False,False,True,1e-06,0.9,-8.791507751001411
0.24487833268242132,-0.017782541894940974,27.34660706911044,0.48876145132888577,0.04936357561302262,0.6192040717411736,0.023619224579796535,3,1,0.1,1.3900658379479565,0.47545866263830433,0.4618529646353112,0.4830027658718764,0.5534788142933893,0.6149764603259881,3000,3000,0.10152501438587527,1.4488855340715343,0.5,0.47545866263830433,0.47545866263830433,1,False,False,False,False,True,1e-06,0.9,-7.596487113489097
0.27188628599938536,0.0007459094197892618,1.8194426800738865,0.14661515389493135,0.02051113617253803,0.5699333926802587,0.4736403079001669,3,1,0.1,-3.7799151836095883,1.9620979843035384,1.9181624460265505,1.5793394531008433,0.6791318977951408,0.7545909975501565,3000,3000,0.6775861521187935,1.955702192414029,0.5,1.9620979843035384,1.9620979843035384,1,False,False,False,False,True,1e-06,0.9,-1.1781731502734907
0.3559252722380629,-0.00137498844439807,1110.0376044449063,1.2555833824857847,0.03707151772561607,0.484743247714121,0.0004706884543000615,3,1,0.1,0.44889628743950893,0.22425373176228036,0.14220569407940467,1.1430084519455221,0.9566529894827503,1.0629477660919449,3000,3000,1.0955722242795032,1.1682073665446844,0.5,0.22425373176228036,0.22425373176228036,1,False,False,False,False,True,1e-06,0.9,-6.928399185486045
0.24140437054062902,-0.01938682659530156,66.07476524976049,0.4014505782590505,0.07058913188110748,0.4747898554353416,0.008026068736569636,3,1,0.1,1.4906534884037195,0.622369497656532,0.22887561804734297,1.7168280243412783,0.9955754629061676,1.1061949587846307,3000,3000,0.24316633245377856,1.6212416387113202,0.5,0.622369497656532,0.622369497656532,1,False,False,False,False,True,1e-06,0.9,-2.7437954460451905
